x1 = 5.2; y1 = 3.2;
x2 = 3.1; y2 = 1.2;
d = sqrt( (x2-x1)^2 + (y2-y1)^2 )